79853324999
79057066223
79651347747
79662622287
79303157062
79324439356
79674982366
79775051148
79662646742
79830713903
79862217900
79697687958
79671590433
79104167644
79060561333
79944424633
79128073766
79253381015
79386974347
79303183282
79267477631
79662638806
79651409484
79851677007
79680354602
79651855531
79012579184
79653001701
79846658796
79830733304
79661952434
79035288887
79688762606
79200770689
79651542131
79876086992
79842528939
79652458519
79662943872
79030163013
79859023358
79893642224
79677083463
79656308025
79223671855
79265225100
79662637055
79191378329
79676942541
79652458519
79662943872
79030163013
79859023358
79893642224
79677083463
79851677007
79656308025
79223671855
79265225100
79662637055
79191378329
79676942541
79666685851
79806973292
79152223011
79862255391
79063338163
79846657825
79869500137
79830736286
79862294394
79662032202
79662041240
79654454555
79586157114
79681445270
79065272549
79250188440
79879601007
79014991344
79331098545
79806987966
79842534717
79386958493
79361103856
79057098374
79846604775
79651398875
79680354602
79051988771
79944439228
79652456519
79651362304
79651541573
79126094750
79261119967
79386974347
79303155420
79268616782
79361103856
79057098374
79846604775
79651398875
79680354602
79051988771
79944439228
79652456519
79651362304
79651541573
79126094750
79261119967
79386974347
79303155420
79268616782
79361097136
79672347570
79874261112
79151521642
79856792864
79893640210
79853324999
79303183282
79806970957
79037274161
79265802611
79153164776
79253381015
79128073766
79651416790
79856028363
79853626034
79830713903
79265208177
79032618383
79099562056
79688849250
79299341030
79653001701
79697756360
79651459044
79346663551
79147037177
79806985161
79045694044
79688762606
79374261461
79150556038
79775162592
79806977871
79830726866
79893641181
79262205369
79862220899
79809693306
79153113636
79254168456
79662659788
79055036829
79846683808
79851576505
79846601910
79055873373
79662624462
79637127454
79662049942
79607248071
79199989550
79057764128
79857743263
79681449012
79269377897
79667375595
79662644068
79654454555
79666683288
79856227798
79670381691
79806987966
79842545689
79001550273
79104167644
79662050804
79667394241
79386958493
79846637500
79842534717
79154699630
79846654759
79063338163
79681472587
79035288887
79262446953
79809698965
79154005057
79893643060
79089071733
79095443535
79361107929
79862254391
79681477983
79265204894
79697739651
79809698658
79584006328
79386956380
79261879790
79662659632
79681634861
79674391803
79331093197
79651358628
79651542131
79091390030
74991108345
79361063588
79584057140
79777586772
79776741432
79256889138
79896897922
79154740136
79303176526
79682087506
79836664687
79303197735
79862201643
79830718917
79147062435
79057066223
79636582068
79862275175
79876086992
79152355939
79091566186
79207922202
79674370522
79060158854
79836663519
79626991254
79651347747
79912844037
79676948748
79926664761
79681631467
79651361930
79857179253
79841855653
79667398207
79667360717
79926669457
79662946854
79842697801
79676944753
79926649477
79830715153
79926684139
79676930541
79662622287
79120908075
79254482699
79662058755
79518914011
79346664367
79119103156
79199611800
79862257145
79060561333
79651359371
79809595452
79862291024
79057747034
79687816536
79104361010
79160944560
79662017619
79045664460
79052005831
79036274192
79852281980
79662649048
79636693511
79916106481
79851677007
79653214421
79269984700
79303157062
79682086500
79637178007
79842544207
79651507303
79944424633
79667387103
79896889674
79360036735
79926637790
79862280536
79809697004
79846665734
79662614957
79265225100
79386962267
79674385462
79381404088
79686162924
79303156738
79035122717
79653956659
79257749333
79667379228
79303155091
79295189216
79809680388
79809573162
79846602686
79862291786
79681456246
79926652793
79645991100
79809671056
79651533581
79809590683
79841873191
79842163934
79896894914
375445049047
79386956004
79856791057
79051188757
79809575269
79670859043
79296490147
79032571416
79944428462
79120916142
79680292442
79587604113
79255050340
79040225589
79267477631
79771230905
79266852167
79067494774
79636556151
79830715357
79697682917
79830738651
79104441164
79830733304
79296496416
79662658919
79846623517
79676946884
79662638806
79651855531
79681465562
79651356460
79893642485
79150139009
79774946919
79637147087
79303181856
79295176100
79662980995
79200770689
79651409484
79037430873
79674982366
79012579184
79683621596
79324439356
79055930399
79651394837
79037482661
79662041393
79259192994
79667377978
79850021378
79850709377
79651349873
79612094276
79055990638
79263517142
79651360745
79682078156
79685934878
79661952434
79685008148
79628698244
79165561446
79651355907
79846658796
79303167881
79303165843
79926639417
79099695297
79067211570
79651384520
79862259860
79362416435
79263492444
79269084336
79859032769
79164003036
79651384357
79806971112
79037241883
79926688231
79240009799
79913102390
79779641990
79773311458
79777826382
79361101664
79651352104
79067172899
74996438304
79315210700
79069095345
79250640345
79012586889
74997500426
79636551730
79296724205
79652626856
79651354318
79846672542
79104360332
79651394696
79386960299
79842528939
79362423780
79265255777
79809590649
74993463996
79779421870
79836664832
79651348261
79676948121
79853009631
79324432673
79846619173
79386953633
79676958931
79386955573
79055032684
79846671870
79809588171
79667370722
79647675655
79958884163
79652262693
79031655757
79667392717
79361069086
79841863454
79841850924
79674386898
79667383386
79308336725
79662943872
79012593130
79830764096
79854699284
73432132120
79652458519
79303195341
79859023358
79030163013
79681466743
79014478602
79670123777
79303156493
79846646326
79674984084
79344430296
79381405975
79684345447
79653130717
79846605312
79622652959
79893642224
79677083463
79645396417
79676959656
79663055227
79651438061
79662963738
79697752080
79649333001
79846632284
79584972014
79676941293
74966138262
79662612543
79652467158
79697745189
79862214810
79893635345
79199642610
79846678750
79676921101
79662637055
79656308025
79667379887
79686579942
79846601632
79841909835
79676977105
79662610464
79667370311
79223671855
79836668598
79278626252
79663055184
79857045275
79312973378
79150540311
79164527993
79191378329
79662657402
79842177654
79662958347
79896891967
79361061004
79846658439
79809592678
79668891358
79830734856
79584974310
79381408774
79653775330
79926685624
79676942541
79014485512
79386958663
79172835242
79386965472
79386953168
79315781545
79152223011
79852482480
79584977600
79667395328
79681442990
79681474246
79809575492
79841870443
79836663117
79862255391
79862261651
79842165532
79893641750
79631847620
79361081956
79682063987
79846610395
79697697765
79806974183
79806973433
79331099337
79926683447
79303799824
79120924226
79660001946
79662944296
79303792935
79324433966
79842186700
79666685851
79381408890
79809592790
79269405128
79806973292
79587952467
79386966618
79674379679
79268888299
79856630393
79809584152
79662055755
79187575727
79250140464
79099034916
79806989766
79830713891
79681452439
79777452045
79164361534
79915912026
79584002136
79167779383
79662051718
79845550770
79830737805
79666683215
79841879800
79662965406
74996536499
79361062650
79809572815
79809677857
79862225147
79682083818
79671797584
79681644064
79161191747
79662640669
79676940588
79258880051
79674392845
79836667540
79662026288
79809573261
79361087461
79926609144
79841940697
79842192226
79662948260
79808939544
79147690404
79681200090
79676920576
79361084935
79846603770
79346664714
79303182823
79584053237
79012575669
79697686351
79528617366
79257099251
79256881201
79150769233
79324426278
79668894782
79163516700
79003605444
79674982959
79830743335
79809696035
79263000226
79331092833
79667392161
79944438418
79846657825
79846606935
79036708594
79681465059
79662947312
79676979061
79851213535
79676936146
79262847096
79775051148
79869500137
79846651955
79346662809
79681455860
79830741723
79842511678
79688456595
79830736286
79862294394
79846633041
79830743177
79809594464
79168701185
79166054940
79662032202
79830717687
79685938036
79265879759
79162217377
79663055163
79257284631
79268688151
79846624486
79681631828
79846610457
79676959706
79852281180
79662646742
79662041240
79584974180
79926637947
79862284405
79104252481
79697755949
79057979880
79859032768
79857802993
79896898986
79662650083
79386961379
79618391567
79662627153
79862217900
79846673235
79682085148
79037849547
79771584388
79836667015
79361095840
79778523701
79846607214
74994440000
79303181400
79662029302
79846677028
79893635963
79667384540
79152170000
79809684711
79214373478
79697681582
79697687958
79676930104
79670239186
79833134495
79690217543
79676975113
79846676807
79836667296
79586157114
79681445270
79065272549
79303183702
79303182408
79032712493
79012564850
79667352468
79681645756
79662646525
79201955656
79809577883
79361068514
79016225534
79166333384
79944436160
79775416645
79331098545
79260010420
79250188440
79926642991
79879601007
79014991344
79584055883
74994031023
79830735590
79846667059
79676945700
79120901767
79166051938
79104585751
79370784525
79809687385
79296431795
79667378393
79682082503
79671525022
79806987946
79662984729
79671590433
79012591071
79969757048
79667384503
79846604757
79830734873
79324429366
79162277495
79160910174
79690595622
79926632499
79268708618
79036128135
79944430339
79926614808
79012582210
79676976043
79926680331
79668895807
79674385563
79587646453
79120915069
79381406065
79099695191
79681479526
79893634987
79111997337
79324422260
79896893498
79944421688
79830713282
79846602411
79854199608
79150496919
79164210505
79586157303
79831257265
79587601061
79152161866
79846650730
79778770717
79662617440
79037697363
79776839228
79192573319
79806980926
79646467861
79676944611
79166551146
79809677377
79681478458
79006230164
79681468226
79031007054
79361107204
79846670177
79681476678
79667360891
79926609178
79266727226
79697699381
79361101891
79830719461
79806980538
79846634460
79346664790
79830761434
79662941168
79012585401
79809671715
79037613126
79002142233
79667350596
79842198710
79662969403
79381402387
79585008657
79651541862
79806987835
79809677601
79859936222
79926683410
79000423242
79846613495
79154330363
79856989041
79651542422
79252342567
79032224480
74997544818
79667398654
79386953014
79842165209
79662940068
79291599014
79873914118
79651363799
79147358897
79346660263
79830713233
79916926705
79651365474
79662022719
79602421143
79697696275
79268290304
79830717627
79250026936
79652951028
79662980335
79636823836
79586396888
79830726340
79651359446
79651398774
79809588720
79645695317
79651417495
79139391221
79163843366
79651359985
79587605762
79361090494
79258024745
79584058749
79662980713
79154299979
79313102311
79386968646
79507937507
79324420069
79295103822
79846671270
79283444579
79191378400
79846608421
79842165529
79668896620
79809684220
79662632737
79809572396
79028140770
79809577328
79651370237
79697693669
79315213212
79651541124
79651366756
74998987376
79682096724
79264220153
79672894631
79854501196
79851032233
79773742868
79651415483
79161274686
79682064307
79683844887
79266176159
79050000054
79260993816
79346663153
79645190127
79154600110
79926664313
79060758817
79039654095
79771450957
79167151922
79162804738
79012571472
79830740867
79629571742
79662948865
79662984649
79257403887
79161849435
79999851759
79191036431
79629207915
79944433493
79250973260
79662025451
79854222020
79806974683
79263326060
79846610538
79257778080
79809585171
79017396889
79661852977
79661743470
79168647684
79676952137
79809594394
79262872165
79846680123
79386983168
79651355648
79154951345
79386957510
79846670911
79618391786
79676979192
79161940390
79676977724
79682081820
79250900476
79667381264
79809582067
79667378192
79618395137
79361089982
79198121305
79262642291
79801812129
79944437875
79662629391
79846653885
79809677710
79324427662
79862254358
79852020557
79842198763
79662968317
79101330900
79277820212
79344430489
79809678526
79662652665
79361104838
79682086162
79846619196
79584002119
79944437984
79331094700
79806975013
79645175631
79672524444
79361078722
79182389538
79682074432
79210022116
79998077508
79842674272
79386956346
74992222201
79324439345
79037811524
79926663880
79667353062
79386959297
79264444406
79944425889
79170064874
79856010039
79846602269
79386972223
79012580422
79120908208
79662030670
79645674253
79842178716
79016225205
79262391166
79862264394
79662944012
79677084600
79361100290
79169249407
79361061034
79160582277
79268434040
79806980491
79324436378
79652657435
79584970626
79032184940
79697730235
79645901988
79857894772
79662642941
79386957996
79926636720
79386979818
79587149493
79687852253
79676976171
79260156010
79853337900
79926664336
79846618159
79361092648
79344431463
79836664559
79027929090
74992091620
79674388180
79846652152
79689031221
79269503467
79039661503
79662645236
79926687558
79859040953
79651508255
79846608434
79654402298
79331096537
79386984303
79859034154
79261008853
79120770680
79618391158
79016229330
79104723134
79667366447
79830739750
79666684022
79163718462
79688610079
79670518252
79651394577
79175789688
79806989285
79651438106
79830720644
79651463488
79809577384
78312826737
79651360079
79303792792
79896870678
79672014916
79653066112
79258722866
79386980667
79611615260
79636341093
79830726167
79296876525
79651354139
79651354049
79651354149
79662611438
79651354119
79651349413
79859225624
79651535524
79809696351
79260536734
79653818007
79668892560
79896890408
79884844150
79361082816
79257887323
79160707247
79662964463
79842176166
79681447426
79830744027
79846612644
79012214246
79629760480
79944429338
79662637039
79896203809
79841852095
79667369199
79670670077
79697730039
79175936832
79108619527
79263342414
79944438494
79662628299
79809591175
79676952880
79662026391
79846675902
79677087461
79662047796
79035850211
79862215196
79260129852
79679867747
79830734514
79255181158
79386950862
79697693237
79830744276
79662032878
79254587771
79809586936
79809598312
79951562020
79893638393
79862260822
79122421415
79250038857
79057415242
79120998643
79151954393
79853685110
79830742642
79697746639
79830729571
79012577570
79104096861
79674386544
79681459242
79677095654
79806981611
79662015829
79809672776
79668893645
79324439458
79681634162
79830714963
79167339953
79830733735
79361075671
79185235589
79188500010
79629763881
79161683009
79160080313
79944430668
79809698913
79842698124
79836663128
79944430355
79830730840
79862200428
79830721785
79629467815
79697670414
79662022483
79926686809
79662955196
79856792296
79676945046
79303192921
79361078872
79842533847
79662033384
79661881862
79303163392
79806980329
79303790852
79806986738
79809698043
79104508093
79667388137
79846619487
79674381582
79854176945
79999704205
79381403250
79141933997
79266215144
79299142840
79662657622
79250467147
79104542053
79674377240
79846648752
79031918177
79958880784
79123302789
79361062448
79012588538
79830725912
79386952410
79386970406
79681459746
79809593647
79386986171
79667367914
79856035202
79809670934
79862299522
79846604620
79926638144
79361068598
79268804587
79841862327
79653217009
79836668575
79681641089
79153300527
79618391789
79651365472
79809592540
79809694744
79856791503
79109733665
79253104030
79662647779
79674395683
79257060916
79651391302
79012586656
79662942344
79830735615
79386964683
79057697563
79651353710
79899591454
79662021989
79651606179
79299448544
79161532212
79674387451
79161900127
79772894910
79324423450
79035883730
79926687443
79361097126
79676958592
79055115235
79344433288
79651542719
79862217705
79771136529
79779709227
79846631490
79663760140
79201663636
79652059655
79266817039
79657948487
79168639014
74994905090
79012572207
79998401200
79842533711
79045663681
79175101736
79676944167
79303185841
79674986631
79944439001
79227830962
79896895797
79697678816
79681641860
79118453381
79862241793
79674985699
79637390719
79662981811
79344432170
79227354691
79775552270
79846608872
79846610714
79806763460
79674389398
79641662124
79269050643
79662641484
79386960468
79386952590
79651541425
79250620065
79651366809
79060445807
79251062637
79250286494
79651356432
79260286191
79163232214
79636562982
74232568568
79846670023
79651386803
79662980790
79667394293
79636562965
79651356403
79651403391
79842196961
79830743263
79381402386
79168885178
79161019930
79667359383
79012592956
79830714234
79264114432
79091688019
79037216406
79587775050
79381409994
79674988171
79846615397
79674983367
79841870501
74997050005
79191375821
79259067268
79346660913
79662950958
79250910684
79163378558
79651607719
79651516187
79651516158
79651511967
79636529131
79133849727
79862238160
79916171603
79662623206
79251390308
79809578327
79168338820
74999220662
79262822858
79651371513
79361089951
79806988330
79361085223
79108634501
79862278916
79627273055
79303794811
79032193231
79862287386
79045661582
79674376372
79032204060
79806984625
79101500068
79651359365
79893649678
79623563433
79295777260
79779558427
79261319367
79633287454
79884845126
79160357968
79687773347
79386965031
79893645456
79846650203
79346669072
79682082975
79164014699
79651354382
79676930679
79681460633
79662961778
79667354616
79846656704
79651350510
79944433596
79653831018
79676948144
79662637801
79830727005
79016221250
79296125913
79264424454
79697733932
79851656167
79252670986
79809578891
79262075905
79386964139
79677095234
79096583972
79809693059
79773155772
79652843888
79681455424
79268515383
79253449464
79161012570
79862292893
79012790992
79629227846
79842176323
79662624091
79681646265
79662988815
79324429791
79674987685
79055896386
79944426881
79386963085
79884858584
79896870315
79012596696
79681448587
79884719883
79662622973
79662955134
79926636470
79303187023
79618392440
79926699108
79809599962
79031508668
79677083950
79167215611
79256200700
79252940085
79651359185
79842540936
79679770311
79346662094
79681462681
79045673438
79688096034
79386968806
79830729047
79651378275
79809682506
79676953610
79662636779
79676955829
79636817334
79261389121
79267818621
79830742768
79663707700
79531719227
79926661091
79386976535
79856031614
79381404026
79926635342
79809674748
79809687951
79662624805
79667393756
79926667118
79661373405
79668899242
79806983375
79667390651
79893641454
79250507468
79682068723
79361101518
79896888058
79252526077
79361093854
79361102388
79809670076
79697696488
79324429862
79303182664
79856028802
79830744562
79667399033
79830736074
79361079260
79681472334
79662637423
79846691275
79303196687
79676954069
79846661245
79862228334
79809672157
79862230185
79681442861
79809671682
79662615194
79944435597
79361069485
79697699168
79682083051
79856445757
79998445882
79381401421
79662020717
79662628133
79846634706
79303165711
79846602398
79667396242
79169823887
79944427208
79862213925
79806985923
79662637235
79637390138
79618390265
79676959274
79841855563
79893649591
79662958472
79346676744
79662950901
79361103839
79674383161
79024695258
79676970821
79651493205
79674391850
79012586476
79258060252
79154279994
79255173017
79662968140
79663715166
79175227031
79697779492
79677092824
79846624730
79620579992
79682077739
79303798326
79667356950
79386971407
79168853003
79651656965
79857702289
79667388511
79667356387
79681461514
79012582524
79584000023
79267523539
79260734360
79662647338
79846650354
79120928232
79266946576
79381405506
79260796101
79160303730
79266902529
79651540854
79677889311
79836664359
79386950923
79926657718
79036213715
79266007134
79255235689
79651363213
79846637395
79774717201
79149072295
79944429930
79926638849
79662954533
79152218686
79299141129
79096236228
79680447138
79344438273
79926682538
79153681000
79991124293
79809582595
79662949496
74994033847
79857634048
79295082642
79846667487
79676945383
79809598690
79668899101
79651430144
79852888402
79262442878
79679869545
79063536643
79676978809
79258961613
79281210613
79651348082
79346627781
79651541741
79677084881
79841879577
79167293637
79809672577
79251231477
79255240245
79809680429
79852992947
79668898373
79674387527
79809689288
79637395607
79651362750
79637390306
79926660652
79681456956
79676952451
79836663282
79662618548
79862251699
79662645538
79261917323
79165782585
79016227964
79122803401
79806981773
79697681216
79697677334
79361102897
79830734140
79629120052
79267225444
79672075577
79603624331
78632098074
79161867578
79264382183
79264374776
79218851622
79386958634
79862256317
79662632674
79830725191
79771050440
79255176284
79261467378
79386964614
79263995654
79361061528
79662949622
79686449427
79679867857
79137288549
79667383532
79862213628
79303160184
79842533247
79030129569
79361076632
79944429346
79386959863
79806970358
79676928123
79014488766
79662981175
79677095315
79862291552
79295568506
79662950478
79926680433
79584051754
79331092819
79681460833
79944435340
79361067419
79830764459
79846674158
79809678388
79303165119
79303199046
79386983678
79303194717
79260073757
79697679060
79846646034
79674394594
79606020522
79842176680
79846603340
79386958166
79955046607
79204002545
79361062346
79361073338
79896889939
79846650677
79772806506
79662618134
74962254879
79991158652
79846646892
79809686783
79299973327
79636318359
79842544650
79682092482
79263902079
79067750858
79024699491
79958883531
79666688461
79651366307
79893642491
79651357147
79331091744
79676953743
79361086152
79662039677
79809570443
79944439116
79191051167
79651416110
79856390915
79915928688
79677099387
79651416890
79809677326
79842196850
79846639513
79667379716
79818615836
79013509762
79651452753
79587647393
79809595342
79670724295
79809688643
79013804685
79324425958
79014478578
79858141153
79674373390
79191371667
79167088017
79676927233
79852214660
79165896187
79697747891
79662958348
79651358828
79846667076
79057003366
79361076650
79842169504
79662617090
79661851138
79662619575
79858493112
79846605317
79057242464
79651367864
79651409591
79676948935
79016225276
79099951137
79260777798
79670302518
79676975207
79668898031
79346664180
79651534965
79150638398
79651427903
79842177253
79651541718
79836667322
79584970983
79386964423
79299376285
79303794081
79858435011
79852508413
79623679902
79809580369
79011293537
79661724636
79100005182
79045699775
79806984883
79120998843
79697678784
79175241354
79381408802
79260882536
79257940077
79055595351
79651610265
79267109668
79036836802
79108558219
79667388381
79651388901
79651604408
79651388602
79697173171
79012571622
79857610472
79862243273
79269812308
79842174053
79361085020
79806983919
79651389338
79682086984
79290453800
79841855237
79809594357
79651542624
79262257962
79681472916
79685967599
79862295082
79681461109
74996812357
79303157182
79263432095
79697681686
79361092304
79896892678
79036650918
79303152010
79846631748
79662614965
79681641119
79809597178
79651362335
79265306780
79668891105
79165025260
79266618934
79806985996
79697682833
79651356911
79677081530
79651360358
79846650134
79846630174
79333134552
79674379176
79660342686
79852914004
79870500451
79681440519
79014486054
79303197382
79662985940
79651353989
79303158258
79667359686
79060338330
79846603202
79676934174
79386956490
79629846976
79651359968
79926619824
79651364389
79846659583
79386961590
79944426838
79667381445
79846674408
79674378528
79846640079
79685333244
79676930415
79697688542
79662989651
79681441604
79386957461
79344431957
79666689694
79676931306
79959998406
79677082308
79862233946
79012563539
79651356825
79263772555
79161265279
79926663469
79381403790
79662021070
79697678470
79104620073
79862276751
79651357614
79662032622
79944437849
79386977330
79926639736
79037342317
79806973570
79361084402
79303197911
79067807505
79283444480
79809690615
79147913732
79659393931
79809676685
79662658524
79809686601
79386956915
79846675976
79842678939
79651364595
79836662773
79662964034
79667364574
79651356078
79856033531
79361109207
79679863728
79019033024
79809598578
79809584392
79926665046
79651359947
79651359967
79662622981
79651356062
79101747815
79842697487
79809673839
79645874594
79386965578
79361062369
79651363626
79303153324
74967279717
79809577387
79862281537
79651356096
79324435818
79681442678
79830734183
79836661845
79651437090
79926683260
79676930862
79137277475
79862261027
79386956588
79386966929
79859037737
79651356044
79681476897
79926673346
79852962357
79266208855
79381402998
79681445185
79381408306
79944425015
79926693361
79926665492
79842539065
79862217945
79836665467
79676938214
79681477240
79662037097
79662621725
79386968370
79926619001
79809577490
79697733018
79809687160
79697695589
79846601056
79846631349
79651365943
79651365265
79809581326
79154002012
79651351380
79926630284
79651352785
79893640754
79809599499
79645563022
79099503604
79057600046
79651352796
79651349248
79031875803
79651488942
79651352802
79697778360
79862278144
79821153367
79852702805
79262391166
79862264394
79773311458
79662944012
79677084600
79361100290
79169249407
79361061034
79160582277
79268434040
79806980491
79324436378
79687816536
79652657435
79584970626
79032184940
79697730235
79645901988
79857894772
79662642941
79386957996
79926636720
79386979818
79587149493
79687852253
79676976171
79260156010
79853337900
79926664336
79846618159
79361092648
79344431463
79836664559
79027929090
74992091620
79674388180
79846652152
79689031221
79039661503
79662645236
79926687558
79859040953
79269503467
79651508255
79846608434
79654402298
79331096537
79386984303
79859034154
79261008853
79120770680
79618391158
79016229330
79104723134
79667366447
79830739750
79666684022
79163718462
79688610079
79670518252
79651394577
79175789688
79386957510
79806989285
79651438106
79830720644
79651463488
79809577384
78312826737
79651360079
79303792792
79896870678
79854501196
79672014916
79258722866
79312973378
79386980667
79611615260
79653066112
79636341093
79830726167
79913102390
79296876525
79651354139
79651354049
79651354149
79662611438
79651354119
79651349413
79859225624
79651535524
79809696351
79260536734
79653818007
79668892560
79896890408
79884844150
79361082816
79257887323
79160707247
79662964463
79842176166
79681447426
79830744027
79690217543
79846612644
79012214246
79629760480
79944429338
79854199608
79662637039
79250900476
79896203809
79841852095
79667369199
79670670077
79697730039
79809582067
79652467158
79175936832
79108619527
79263342414
79944438494
79262642291
79662628299
79809591175
79676952880
79662026391
79846675902
79677087461
79662047796
79035850211
79862215196
79686579942
79260129852
79679867747
79830734514
79255181158
79386950862
79697693237
79830744276
79662032878
79254587771
79809586936
79809598312
79951562020
79893638393
79862260822
79122421415
79250038857
79057415242
79120998643
79151954393
79853685110
79830742642
79162804738
79697746639
79830729571
79012577570
79104096861
79674386544
79681459242
79677095654
79806981611
79662015829
79809672776
79668893645
79324439458
79681634162
79830714963
79167339953
79830733735
79361075671
79185235589
79188500010
79629763881
79161683009
79160080313
79944430668
79809698913
79842698124
79836663128
79944430355
79830730840
79862200428
79830721785
79629467815
79697670414
79662022483
79926686809
79662955196
79162217377
79856792296
79676945046
79303192921
79361078872
79842533847
79662033384
79846633041
79661881862
79303163392
79806980329
79303790852
79806986738
79809698043
79104508093
79667388137
79846619487
79674381582
79854176945
79999704205
79381403250
79141933997
79266215144
79299142840
79662657622
79250467147
79361068514
79809577883
79944436160
79104542053
79674377240
79846648752
79031918177
79386959297
79958880784
79123302789
79361062448
79012588538
79830725912
79386952410
79386970406
79681459746
79809593647
79386986171
79667367914
79856035202
79809670934
79862299522
79846604620
79926638144
79361068598
79268804587
79841862327
79653217009
79836668575
79681641089
79153300527
79618391789
79651365472
79809592540
79809694744
79856791503
79109733665
79253104030
79662647779
79674395683
79856010039
79651398875
79153164776
79257060916
79809698965
79651391302
79012586656
79651362304
79662942344
79651416790
79299341030
79830735615
79262446953
79057697563
79386964683
79386953014
79899591454
79147037177
79089071733
79346663551
79651353710
79651606179
79779421870
79299448544
79662021989
79161532212
79674387451
79161900127
79637127454
79772894910
79324423450
79035883730
79067494774
79926687443
79361097126
79584055883
79830717627
79857743263
79361107929
79681477983
79676958592
79055115235
79344433288
79651542719
79862217705
79771136529
79842165209
79779709227
79846631490
79201663636
79663760140
79652059655
79266817039
79657948487
79168639014
74994905090
79012572207
79998401200
79842533711
79045663681
79175101736
79662980713
79676944167
79303185841
79674986631
79944439001
79227830962
79896895797
79697678816
79681641860
79118453381
79862241793
79674985699
79637390719
79862284405
79662981811
79344432170
79227354691
79662646525
79775552270
79846608872
79846610714
79806763460
79674389398
79126094750
79680354602
79944439228
79893640210
79268616782
79672347570
79151521642
79653001701
79261879790
79651541573
79856792864
79806970957
79361097136
79846654759
79688849250
79856028363
79261119967
79853626034
79652456519
79303155420
79128073766
79896897922
79777586772
79303183282
79853324999
79874261112
79253381015
79681472587
79303176526
79037274161
79361069086
79031655757
79063338163
79154005057
79032618383
79265208177
79099562056
79688762606
79626991254
79662963738
79199611800
79035288887
79651542131
79636582068
79651459044
79682087506
79095443535
79775162592
79153113636
79662659632
79147062435
79667379228
79806977871
79809680388
79262205369
79386962267
79926664761
79651533581
79150556038
79386956380
79607248071
79830726866
79893641181
79893643060
79584006328
79651358628
79846683808
79265255777
79662659788
79254168456
79697739651
79851576505
79055036829
79836664832
79662049942
79057764128
79667392717
79303156493
79199989550
79269377897
79681466743
79846605312
79584972014
79676941293
79681449012
79667375595
79386965472
79662965406
79662644068
79099034916
79842192226
79809572815
79809592790
79361062650
79856227798
79654454555
79663055163
79670123777
79303182823
79670381691
79806987966
79260010420
79666683288
79037849547
79668895807
79842545689
79104167644
79001550273
79667394241
79168701185
79778523701
79662050804
79846637500
79674385563
79386958493
79842534717
79154699630
79331098545
79944430339
79682082503
79031007054
79926609178
79862254391
79265204894
74991108345
79584057140
79361063588
79876086992
79841855653
79662017619
79055990638
79045664460
79651355907
79263492444
79362423780
79862291786
79303157062
79896894914
79842697801
79165561446
79069095345
79662980995
79032571416
74996438304
79842528939
79841863454
79308336725
73432132120
79649333001
79662612543
79846601632
79841909835
79386958663
79172835242
79856630393
79250140464
79841879800
79682083818
79862225147
79528617366
79676920576
79674982959
79667392161
79944438418
79846657825
79685938036
79057979880
79852281180
79697755949
79662029302
74994440000
79152170000
79166333384
79830735590
79201955656
79676945700
79162277495
79641662124
79269050643
79662641484
79386952590
79386960468
79651541425
79250620065
79651366809
79060445807
79250286494
79260286191
79163232214
79846670023
74232568568
79662980790
79651356432
79667394293
79251062637
79842196961
79636562982
79830743263
79651386803
79779641990
79636562965
79651356403
79651403391
79381402386
79168885178
79161019930
79667359383
79012592956
79830714234
79264114432
79091688019
79037216406
79587775050
79381409994
79846613495
79674988171
79846615397
79674983367
79841870501
79017396889
74997050005
79191375821
79259067268
79346660913
79662950958
79806985161
79250910684
79163378558
79152355939
79374261461
79256889138
79651607719
79651516187
79133849727
79651516158
79651511967
79636529131
79862238160
79916171603
79662623206
79251390308
79809578327
79168338820
79032712493
74999220662
79262822858
79651371513
79361089951
79806988330
79051188757
79361085223
79862278916
79108634501
79199642610
79627273055
79303794811
79032193231
79386968646
79862287386
79370784525
79045661582
79674376372
79032204060
79806984625
79101500068
79651359365
79893649678
79623563433
79295777260
79060158854
79681631467
79779558427
79926652793
79261319367
79633287454
79037613126
79160357968
79687773347
79884845126
79893645456
79386965031
79846650203
79346669072
79682082975
79809693306
79164014699
79255050340
79662961778
79651354382
79681460633
79667354616
79676930679
79846656704
79651359371
79809575269
79651350510
79944433596
79295189216
79296496416
79653831018
79676948144
79662637801
79830727005
79016221250
79296125913
79264424454
79697733932
79851656167
79252670986
79809578891
79262075905
79386964139
79677095234
79096583972
79809693059
79851677007
79773155772
79652843888
79681455424
79268515383
79253449464
79161012570
79258880051
79862292893
79012790992
79629227846
79653775330
79662624091
79842176323
74994031023
79065272549
79257284631
79833134495
79830734873
79000423242
79681646265
79662988815
79324429791
79944426881
79055896386
79674987685
79166551146
79831257265
79681478458
79386963085
79697682917
79884858584
79896870315
79012596696
79681448587
79884719883
79662622973
79662955134
79926636470
79303187023
79671590433
79618392440
79926699108
79846606935
79809599962
79031508668
79677083950
79167215611
79256200700
79252940085
79651359185
79667377978
79842540936
79652626856
79679770311
79346662094
79809595452
79681462681
79518914011
79045673438
79688096034
79676930541
79386968806
79830729047
79651378275
79809682506
79676953610
79651855531
79662636779
79676955829
79067211570
79381402387
79636817334
79261389121
79267818621
79830742768
79663707700
79853009631
79531719227
79002142233
79697752080
79926661091
79386976535
79856031614
79381404026
79926635342
79809674748
79809687951
79662624805
79667393756
79926667118
79661373405
79668899242
79806983375
79667390651
79191378329
79893641454
79250507468
79682068723
79361101518
79896888058
79252526077
79361093854
79830734856
79361102388
79809670076
79697696488
79324429862
79303182664
79856028802
79830744562
79667399033
79830736074
79361079260
79681472334
79662637423
79846691275
79303196687
79676954069
79846661245
79862228334
79809672157
79862230185
79681442861
79809671682
79662615194
79944435597
79361069485
79662055755
79697699168
79682083051
79856445757
79998445882
79381401421
79662020717
79662628133
79846634706
79268888299
79862294394
79830736286
79688456595
79303165711
79681631828
79846602398
79667396242
79681445270
79586157114
79169823887
79944427208
79862213925
79016225534
79104585751
79806985923
79324439345
79662637235
79637390138
79846604757
79618390265
79676959274
79268708618
79841855563
79893649591
79662958472
79346676744
79846650730
79662950901
79361103839
79674383161
79676944611
79681476678
79697699381
79830719461
79361101891
79806980538
79846634460
79346664790
79024695258
79676970821
79651493205
79051988771
79674391850
79012586476
79662968140
79258060252
79663715166
79154279994
79175227031
79677092824
79697779492
79255173017
79682077739
79584000023
79386971407
79846624730
79651656965
79667356950
79620579992
79667356387
79857702289
79667388511
79303798326
79168853003
79120928232
79681461514
79267523539
79381405506
79260734360
79662647338
79809698658
79012582524
79260796101
79846650354
79266946576
79344438273
79677889311
79160303730
79266902529
79697756360
79926657718
79651540854
79836664359
79265802611
79036213715
79299141129
79255235689
79386950923
79266007134
79153681000
79774717201
79651363213
79680447138
79926682538
74994033847
79926638849
79149072295
79152218686
79809582595
79096236228
79944429930
79991124293
79662949496
79856989041
79662954533
79857634048
79295082642
79697696275
79676945383
79846667487
79668899101
79651398774
79809598690
79651430144
79651417495
79651365474
79262442878
79852888402
79281210613
79679869545
79676978809
79651348082
79258961613
79346627781
79677084881
79651541741
79063536643
79841879577
79809672577
79167293637
79668898373
79255240245
79344430296
79251231477
79681456956
79651362750
79637147087
79637395607
79809680429
79637390306
79809590649
79852992947
79674387527
79926660652
79809689288
79862220899
79676952451
79862251699
79261917323
79662618548
79836663282
79662645538
79165782585
79016227964
79806981773
79122803401
79055873373
79160910174
79697677334
79629120052
79361102897
79697681216
79830734140
78632098074
79267225444
79603624331
79218851622
79161867578
79672075577
79264374776
79264382183
79386958634
79662632674
79862256317
79830725191
79771050440
79255176284
79261467378
79662949622
79263995654
79361061528
79586396888
79386964614
79679867857
79686449427
79842165529
79926685624
79667383532
79137288549
79862213628
79303160184
79331094700
79842533247
79030129569
79361076632
79944429346
79806970358
79662981175
79386959863
79862291552
79014488766
79676928123
79969757048
79295568506
79677095315
79662950478
79926680433
79809684220
79668896620
79331092819
79584051754
79361067419
79944435340
79681460833
79830764459
79846674158
79809678388
79303165119
79303199046
79386983678
79303194717
79651541862
79260073757
79697679060
79846646034
79674394594
79606020522
79842176680
79846603340
79386958166
79955046607
79204002545
79361062346
79361073338
79896889939
79846650677
79772806506
79662618134
74962254879
79991158652
79846646892
79809686783
79299973327
79147358897
79636318359
79346660263
79842544650
79682092482
79916926705
79263902079
79067750858
79024699491
79958883531
79666688461
79651366307
79830718917
79893642491
79651357147
79331091744
79676953743
79361086152
79662039677
79809570443
79164003036
79944439116
79191051167
79651416110
79856390915
79915928688
79677099387
79846602269
79651416890
79809677326
79842196850
79846639513
79667379716
79818615836
79013509762
79651452753
79587647393
79809595342
79841873191
79670724295
79809688643
79013804685
79324425958
79014478578
79858141153
74997544818
79674373390
79167088017
79676927233
79852214660
79165896187
79697747891
79662958348
79191371667
79846667076
79057003366
79361076650
79842169504
79662617090
79651358828
79661851138
79662619575
79858493112
79846605317
79057242464
79651367864
79651409591
79676948935
79676975207
79016225276
79099951137
79260777798
79670302518
79668898031
79346664180
79651534965
79651427903
79150638398
79842177253
79651541718
79163843366
79663055227
79836667322
79584970983
79299376285
79303794081
79858435011
79852508413
79809580369
79011293537
79661724636
79100005182
79045699775
79120998843
79386964423
79697678784
79175241354
79381408802
79260882536
79315210700
79257940077
79055595351
79623679902
79651610265
79036836802
79806984883
79108558219
79667388381
79651388901
79651604408
79651388602
79697173171
79012571622
79862243273
79269812308
79857610472
79842174053
79361085020
79806983919
79651389338
79682086984
79290453800
79841855237
79809594357
79651542624
79262257962
79681472916
79685967599
79862295082
79681461109
74996812357
79303157182
79263432095
79697681686
79361092304
79896892678
79036650918
79303152010
79846631748
79662614965
79681641119
79809597178
79651362335
79265306780
79668891105
79165025260
79266618934
79806985996
79697682833
79651360358
79846650134
79258024745
79846630174
79674379176
79660342686
79870500451
79670239186
79681440519
79014486054
79303197382
79651356911
79662985940
79677081530
79697688542
79303158258
79333134552
79667359686
79060338330
79846603202
79676934174
79386956490
79629846976
79852914004
79651359968
79846659583
79386961590
79944426838
79651353989
79667381445
79846674408
79674378528
79846640079
79685333244
79676930415
79662989651
79681441604
79386957461
79666689694
79676931306
79959998406
79677082308
79012563539
79651356825
79263772555
79161265279
79926663469
79651364389
79381403790
79926619824
79662021070
79697678470
79856033531
79104620073
79862276751
79651357614
79662032622
79386977330
79037342317
79344431957
79806973570
79361084402
79862233946
79067807505
79283444480
79873914118
79662658524
79809686601
79386956915
79846675976
79842678939
79836662773
79662964034
79944437849
79667364574
79926639736
79361109207
79679863728
79303197911
79019033024
79809598578
79809584392
79809690615
79147913732
79651359947
79651359967
79662622981
79659393931
79809676685
79101747815
79842697487
79651364595
79809673839
79645874594
79386965578
79361062369
79651363626
79651356078
79303153324
74967279717
79809577387
79862281537
79926665046
79324435818
79681442678
79651356062
79830734183
79836661845
79651437090
79926683260
79676930862
79137277475
79862261027
79386956588
79386966929
79859037737
79651356096
79681476897
79926673346
79266208855
79381402998
79681445185
79846601056
79381408306
79944425015
79926693361
79926665492
79842539065
79862217945
79651356044
79836665467
79676938214
79681477240
79662037097
79662621725
79386968370
79926619001
79852962357
79809577490
79697733018
79809687160
79697695589
79846631349
79651365265
79809581326
79154002012
79926630284
79893640754
79809599499
79651365943
79651351380
79651352785
79645563022
79057600046
79099503604
79651488942
79651352796
79651349248
79697778360
79862278144
79031875803
79651352802
79821153367
79662962368
